# Blender v2.79 (sub 0) OBJ File: 'Servo Rigid Frame.blend'
# www.blender.org
mtllib Servo Rigid Frame-ServoWalker_Frame_Mk3.mtl
o ServoWalker_Frame_Mk3_Plane.040
v 22.699951 74.570572 40.834610
v 22.699959 74.570572 -40.341408
v 22.699944 74.570572 -31.622391
v 41.785446 38.081741 40.834503
v 31.565430 27.837559 43.232857
v 31.565430 38.081741 47.937836
v 22.699951 83.969475 40.834610
v 22.699936 83.969475 49.553619 0.7
v 22.699951 83.969475 -40.341415 1.0
v 22.699936 83.969475 -31.622391
v 22.699936 74.570572 49.553619
v 41.785446 74.570572 40.834473
v 31.565445 38.081741 40.834503
v 41.785187 27.837559 43.232857
v 37.788940 1.002846 6.898201
v 41.785187 38.081741 47.937836
v 41.785461 74.570572 -40.341507
v 41.785461 38.081741 -40.341476
v 31.565460 38.081741 -40.341476
v 41.785202 27.837559 -37.943123
v 31.565445 27.837559 -37.943123
v 37.788956 1.002846 -74.277771
v 41.785202 38.081741 -33.238144
v 31.565445 38.081741 -33.238144
v -22.699951 74.570572 40.834610
v -22.699959 74.570572 -40.341408
v -22.699944 74.570572 -31.622391
v -41.785446 38.081741 40.834503
v -31.565430 27.837559 43.232857
v -31.565430 38.081741 47.937836
v -22.699951 83.969475 40.834610
v -22.699936 83.969475 49.553619 0.7
v -22.699951 83.969475 -40.341415 1.0
v -22.699936 83.969475 -31.622391
v 0.000000 58.905735 0.000000
v 0.000000 58.905735 49.553616
v 0.000000 83.969475 0.000000
v 0.000000 83.969475 49.553619
v 0.000000 58.905735 -49.553616
v 0.000000 83.969475 -49.553619
v -22.699936 74.570572 49.553619
v -41.785446 74.570572 40.834473
v -31.565445 38.081741 40.834503
v -41.785187 27.837559 43.232857
v -37.788940 1.002846 6.898201
v -41.785187 38.081741 47.937836
v -41.785461 74.570572 -40.341507
v -41.785461 38.081741 -40.341476
v -31.565460 38.081741 -40.341476
v -41.785202 27.837559 -37.943123
v -31.565445 27.837559 -37.943123
v -37.788956 1.002846 -74.277771
v -41.785202 38.081741 -33.238144
v -31.565445 38.081741 -33.238144
l 35 36
l 35 1
l 37 38
l 1 37
l 7 1
l 35 37
l 1 38
l 2 39
l 35 39
l 3 35
l 2 3
l 3 39
l 40 3
l 39 40
l 2 40
l 1 36
l 37 40
l 3 37
l 4 5
l 1 6
l 1 3
l 7 8
l 36 38
l 38 8
l 38 7
l 1 8
l 9 2
l 3 10
l 3 9
l 9 10
l 37 7
l 2 10
l 40 9
l 40 10
l 37 10
l 4 6
l 4 1
l 15 14
l 13 14
l 11 12
l 13 15
l 19 2
l 13 16
l 2 23
l 18 2
l 3 17
l 12 16
l 13 12
l 18 19
l 20 21
l 22 20
l 19 21
l 18 20
l 19 20
l 18 21
l 18 22
l 2 24
l 23 24
l 19 24
l 23 18
l 19 22
l 2 17
l 21 22
l 18 24
l 17 24
l 19 23
l 18 17
l 17 23
l 19 17
l 4 13
l 14 5
l 13 5
l 4 14
l 4 15
l 16 6
l 13 6
l 16 4
l 1 12
l 1 11
l 11 36
l 38 11
l 11 8
l 11 7
l 5 15
l 12 6
l 1 16
l 13 1
l 4 12
l 35 25
l 25 37
l 31 25
l 25 38
l 26 39
l 27 35
l 26 27
l 27 39
l 40 27
l 26 40
l 25 36
l 27 37
l 28 29
l 25 30
l 25 27
l 31 32
l 38 32
l 38 31
l 25 32
l 33 26
l 27 34
l 27 33
l 33 34
l 37 31
l 26 34
l 40 33
l 40 34
l 37 34
l 28 30
l 28 25
l 45 44
l 43 44
l 41 42
l 43 45
l 49 26
l 43 46
l 26 53
l 48 26
l 27 47
l 42 46
l 43 42
l 48 49
l 50 51
l 52 50
l 49 51
l 48 50
l 49 50
l 48 51
l 48 52
l 26 54
l 53 54
l 49 54
l 53 48
l 49 52
l 26 47
l 51 52
l 48 54
l 47 54
l 49 53
l 48 47
l 47 53
l 49 47
l 28 43
l 44 29
l 43 29
l 28 44
l 28 45
l 46 30
l 43 30
l 46 28
l 25 42
l 25 41
l 41 36
l 38 41
l 41 32
l 41 31
l 29 45
l 42 30
l 25 46
l 43 25
l 28 42
anglink 25 26 32 46 0 false 10 180 72 0 1.2
anglink 1 2 8 16 1 true 10 180 113 0 1.2
anglink 24 40 30 41 2 true 10 180 106 0 1.2
anglink 0 10 6 11 3 false 10 180 97 0 1.2
anglink 0 11 10 3 4 true 10 180 102 0 1.3
anglink 24 41 40 27 5 false 10 180 79 0 1.3
anglink 25 46 26 47 6 false 10 180 94 0 1.3
anglink 1 16 2 17 7 true 10 180 110 0 1.3
anglink 3 12 11 14 8 true 10 180 78 0 1.0
anglink 27 42 41 44 9 false 10 180 117 0 1.0
anglink 47 48 46 51 10 false 10 180 112 0 1.0
anglink 17 18 16 21 11 true 10 180 79 0 1.0
comprep 27 42 44 LegRepRight 180 88.7 -93.4 0 0 1.2
comprep 47 48 51 LegRepRight 180 88.7 -93.4 0 0 1.2
comprep 3 12 14 LegRepLeft 180 -88.7 93.4 0 0 1.2
comprep 17 18 21 LegRepLeft 180 -88.7 93.4 0 0 1.2
comprep 41 24 27 ThighRepRight 180 91 -90 0 4 0
comprep 46 25 47 ThighRepRight 180 91 -90 0 4 0
comprep 11 0 3 ThighRepLeft 180 -91 90 0 4 0
comprep 16 1 17 ThighRepLeft 180 -91 90 0 4 0
comprep 24 40 41 HipRepRight -90 0 90 0 -10.4 0
comprep 0 10 11 HipRepLeft -90 0 -90 0 -10.4 0
comprep 1 2 16 HipRepLeft -90 0 -90 0 -12 0
comprep 25 26 46 HipRepRight -90 0 90 0 -12 0
comprep 36 34 39 RepBody_Mk2 0 180 180 0 0 0
balpos 36 0.6
dishol 0 25 15 0
dishol 0 1 15 0
dishol 0 0 15 0
dishol 0 24 15 0
ancpoi 0 51 0 0
ancpoi 1 21 1 0
ancpoi 2 14 2 0
ancpoi 3 44 3 0
